1001  1
1002  1
1003  1
1004  2
1005  1
1006  0
1007  1
1008  3
1009  1
1010  3
1011  1
1012  0
1013  0
1014  1
1015  1
1016  1
1017  0
1018  2
1019  1
1020  0
1021  0
1022  2
1023  0
1024  0
1025  0
1026  0
1027  1
1028  3
1029  0
1030  1
1031  0
1032  1
1033  2
1034  1
1035  1
1036  1
1037  1
1038  1
1039  0
1040  0
1041  0
1042  2
1043  1
1044  0
1045  0
1046  1
1047  1
1048  1
1049  0
1050  1
1051  1
1052  1
1053  0
1054  4
1055  0
1056  0
1057  1
1058  0
1059  2
1060  1
1061  0
1062  0
1063  1
1064  1
1065  0
1066  0
1067  0
1068  1
1069  0
1070  0
1071  3
1072  0
1073  1
1074  1
1075  3
1076  0
1077  0
1078  0
1079  0
1080  0
1081  1
1082  0
1083  2
1084  0
1085  0
1086  1
1087  1
1088  0
1089  2
1090  0
1091  0
1092  2
1093  2
1094  2
1095  0
1096  0
1097  2
1098  2
1099  0
1100  2
1101  0
1102  2
1103  1
1104  2
1105  1
1106  0
1107  1
1108  2
1109  0
1110  2
1111  2
1112  1
1113  0
1114  0
1115  0
1116  1
1117  0
1118  1
1119  1
1120  0
1121  0
1122  1
1123  0
1124  2
1125  1
1126  1
1127  0
1128  0
1129  1
1130  3
1131  1
1132  0
1133  1
1134  0
1135  0
1136  0
1137  5
1138  0
1139  1
1140  1
1141  1
1142  1
1143  1
1144  0
1145  1
1146  0
1147  0
1148  1
1149  0
1150  1
1151  1
1152  0
1153  0
1154  0
1155  1
1156  4
1157  1
1158  0
1159  1
1160  0
1161  0
1162  1
1163  2
1164  0
1165  1
1166  0
1167  1
1168  1
1169  1
1170  1
1171  0
1172  0
1173  0
1174  0
1175  1
1176  1
1177  1
1178  0
1179  0
1180  1
1181  2
1182  0
1183  0
1184  0
1185  0
1186  1
1187  1
1188  3
1189  2
1190  1
1191  1
1192  1
1193  1
1194  2
1195  0
1196  2
1197  0
1198  2
1199  2
1200  1
1201  0
1202  0
1203  3
1204  0
1205  2
1206  1
1207  2
1208  1
1209  0
1210  0
1211  0
1212  1
1213  0
1214  1
1215  0
1216  5
1217  2
1218  1
1219  1
1220  1
1221  1
1222  3
1223  0
1224  2
1225  0
1226  3
1227  2
1228  2
1229  2
1230  2
1231  0
1232  1
1233  1
1234  0
1235  0
1236  0
1237  1
1238  2
1239  0
1240  1
1241  2
1242  0
1243  1
1244  2
1245  0
1246  0
1247  0
1248  0
1249  0
1250  1
1251  1
1252  1
1253  2
1254  1
1255  1
1256  0
1257  0
1258  2
1259  0
1260  0
1261  2
1262  1
1263  1
1264  2
1265  0
1266  2
1267  0
1268  0
1269  3
1270  3
1271  0
1272  0
1273  0
1274  0
1275  0
1276  2
1277  0
1278  1
1279  2
1280  2
1281  1
1282  0
1283  1
1284  2
1285  0
1286  1
1287  3
1288  1
1289  0
1290  0
1291  1
1292  0
1293  4
1294  1
1295  0
1296  0
1297  4
1298  1
1299  0
1300  2
1301  1
1302  1
1303  1
1304  0
1305  0
1306  1
1307  2
1308  1
1309  3
1310  3
1311  0
1312  1
1313  1
1314  1
1315  0
1316  0
1317  1
1318  1
1319  1
1320  2
1321  1
1322  1
1323  1
1324  1
1325  1
1326  1
1327  1
1328  1
1329  1
1330  0
1331  1
1332  3
1333  1
1334  0
1335  2
1336  0
1337  0
1338  0
1339  1
1340  0
1341  1
1342  3
1343  2
1344  0
1345  0
1346  1
1347  0
1348  1
1349  1
1350  1
1351  1
1352  0
1353  0
1354  1
1355  1
1356  0
1357  1
1358  1
1359  1
1360  0
1361  2
1362  0
1363  1
1364  3
1365  0
1366  0
1367  0
1368  1
1369  0
1370  1
1371  1
1372  1
1373  0
1374  0
1375  2
1376  1
1377  2
1378  0
1379  1
1380  0
1381  0
1382  1
1383  0
1384  1
1385  2
1386  3
1387  6
1388  1
1389  0
1390  0
1391  0
1392  3
1393  1
1394  2
1395  1
1396  2
1397  0
1398  0
1399  0
1400  0
1401  0
1402  0
1403  0
1404  1
1405  0
1406  0
1407  3
1408  1
1409  1
1410  1
1411  1
1412  1
1413  0
1414  2
1415  0
1416  0
1417  1
1418  2
1419  1
1420  2
1421  0
1422  1
1423  1
1424  0
1425  1
1426  0
1427  0
1428  3
1429  1
1430  0
1431  1
1432  0
1433  0
1434  1
1435  0
1436  1
1437  0
1438  2
1439  2
1440  1
1441  1
1442  1
1443  0
1444  2
1445  0
1446  0
1447  0
1448  1
1449  0
1450  0
1451  0
1452  2
1453  2
1454  2
1455  0
1456  1
1457  1
1458  1
1459  1
1460  0
1461  0
1462  0
1463  1
1464  0
1465  2
1466  1
1467  1
1468  2
1469  1
1470  1
1471  0
1472  0
1473  2
1474  0
1475  2
1476  0
1477  0
1478  0
1479  1
1480  0
1481  1
1482  0
1483  0
1484  0
1485  2
1486  2
1487  0
1488  2
1489  0
1490  1
1491  2
1492  0
1493  1
1494  2
1495  0
1496  2
1497  0
1498  0
1499  0
1500  1
1501  2
1502  0
1503  3
1504  3
1505  2
1506  0
1507  1
1508  1
1509  0
1510  3
1511  1
1512  1
1513  1
1514  3
1515  0
1516  0
1517  2
1518  0
1519  2
1520  0
1521  1
1522  1
1523  1
1524  0
1525  1
1526  1
1527  1
1528  2
1529  0
1530  0
1531  1
1532  1
1533  0
1534  1
1535  0
1536  1
1537  0
1538  0
1539  1
1540  2
1541  1
1542  0
1543  2
1544  0
1545  1
1546  1
1547  2
1548  1
1549  0
1550  0
1551  0
1552  1
1553  0
1554  1
1555  0
1556  2
1557  1
1558  1
1559  1
1560  4
1561  0
1562  1
1563  0
1564  0
1565  1
1566  3
1567  2
1568  2
1569  1
1570  1
1571  0
1572  0
1573  0
1574  2
1575  1
1576  0
1577  0
1578  0
1579  0
1580  0
1581  0
1582  0
1583  1
1584  0
1585  1
1586  1
1587  2
1588  0
1589  1
1590  1
1591  1
1592  0
1593  0
1594  2
1595  2
1596  1
1597  0
1598  2
1599  0
1600  1
1601  0
1602  2
1603  0
1604  0
1605  1
1606  1
1607  0
1608  1
1609  1
1610  0
1611  2
1612  1
1613  0
1614  1
1615  1
1616  2
1617  2
1618  0
1619  2
1620  2
1621  0
1622  0
1623  0
1624  0
1625  1
1626  0
1627  1
1628  2
1629  2
1630  0
1631  0
1632  0
1633  0
1634  3
1635  1
1636  1
1637  2
1638  1
1639  0
1640  1
1641  1
1642  2
1643  0
1644  0
1645  1
1646  2
1647  3
1648  1
1649  0
1650  1
1651  2
1652  1
1653  2
1654  1
1655  1
1656  0
1657  0
1658  0
1659  3
1660  0
1661  0
1662  2
1663  0
1664  0
1665  0
1666  1
1667  2
1668  0
1669  2
1670  2
1671  1
1672  0
1673  0
1674  0
1675  2
1676  1
1677  2
1678  0
1679  0
1680  0
1681  2
1682  2
1683  0
1684  2
1685  0
1686  1
1687  1
1688  1
1689  4
1690  0
1691  2
1692  0
1693  1
1694  0
1695  1
1696  1
1697  2
1698  0
1699  1
1700  1
1701  0
1702  1
1703  0
1704  0
1705  0
1706  0
1707  1
1708  0
1709  2
1710  0
1711  2
1712  5
1713  2
1714  1
1715  1
1716  1
1717  0
1718  1
1719  0
1720  2
1721  0
1722  1
1723  0
1724  1
1725  2
1726  0
1727  1
1728  1
1729  1
1730  2
1731  0
1732  1
1733  2
1734  0
1735  0
1736  0
1737  0
1738  3
1739  2
1740  0
1741  0
1742  0
1743  0
1744  2
1745  0
1746  1
1747  2
1748  1
1749  2
1750  1
1751  0
1752  3
1753  0
1754  1
1755  0
1756  1
1757  0
1758  0
1759  1
1760  1
1761  1
1762  1
1763  2
1764  0
1765  0
1766  1
1767  1
1768  0
1769  1
1770  0
1771  4
1772  2
1773  1
1774  1
1775  1
1776  1
1777  0
1778  0
1779  1
1780  1
1781  3
1782  1
1783  0
1784  2
1785  0
1786  2
1787  1
1788  0
1789  1
1790  2
1791  2
1792  3
1793  2
1794  1
1795  2
1796  0
1797  1
1798  3
1799  0
1800  2
1801  2
1802  1
1803  0
1804  3
1805  2
1806  0
1807  1
1808  1
1809  3
1810  0
1811  1
1812  1
1813  0
1814  1
1815  0
1816  2
1817  1
1818  1
1819  0
1820  3
1821  2
1822  0
1823  0
1824  4
1825  1
1826  1
1827  1
1828  3
1829  3
1830  0
1831  0
1832  2
1833  0
1834  1
1835  1
1836  0
1837  0
1838  0
1839  2
1840  1
1841  0
1842  1
1843  1
1844  0
1845  0
1846  1
1847  0
1848  2
1849  1
1850  0
1851  1
1852  0
1853  1
1854  3
1855  1
1856  0
1857  0
1858  1
1859  1
1860  1
1861  2
1862  0
1863  1
1864  1
1865  0
1866  0
1867  0
1868  1
1869  2
1870  2
1871  1
1872  0
1873  0
1874  1
1875  0
1876  3
1877  1
1878  0
1879  1
1880  0
1881  1
1882  1
1883  2
1884  0
1885  1
1886  1
1887  0
1888  1
1889  1
1890  1
1891  0
1892  2
1893  2
1894  2
1895  2
1896  1
1897  0
1898  0
1899  0
1900  2
1901  3
1902  2
1903  2
1904  0
1905  0
1906  2
1907  0
1908  0
1909  0
1910  2
1911  0
1912  1
1913  1
1914  2
1915  2
1916  0
1917  0
1918  2
1919  1
1920  0
1921  0
1922  0
1923  2
1924  2
1925  1
1926  1
1927  1
1928  1
1929  1
1930  1
1931  2
1932  0
1933  3
1934  1
1935  0
1936  0
1937  1
1938  0
1939  2
1940  1
1941  0
1942  2
1943  0
1944  1
1945  0
1946  0
1947  0
1948  1
1949  0
1950  2
1951  2
1952  0
1953  0
1954  2
1955  3
1956  0
1957  0
1958  1
1959  0
1960  2
1961  0
1962  1
1963  1
1964  0
1965  1
1966  3
1967  2
1968  1
1969  1
1970  0
1971  1
1972  1
1973  2
1974  1
1975  2
1976  0
1977  3
1978  0
1979  2
1980  1
1981  1
1982  0
1983  1
1984  0
1985  0
1986  1
1987  0
1988  1
1989  0
1990  1
1991  2
1992  1
1993  1
1994  0
1995  1
1996  2
1997  0
1998  0
1999  0
2000  0
2001  0
2002  1
2003  1
2004  0
2005  1
2006  1
2007  0
2008  1
2009  1
2010  0
2011  0
2012  0
2013  2
2014  3
2015  0
2016  0
2017  1
2018  0
2019  2
2020  0
2021  0
2022  1
2023  0
2024  2
2025  2
2026  1
2027  3
2028  4
2029  2
2030  0
2031  1
2032  1
2033  1
2034  0
2035  1
2036  0
2037  2
2038  1
2039  0
2040  1
2041  1
2042  1
2043  1
2044  3
2045  1
2046  0
2047  3
2048  0
2049  1
2050  1
2051  2
2052  0
2053  0
2054  0
2055  0
2056  2
2057  0
2058  1
2059  2
2060  3
2061  0
2062  2
2063  2
2064  4
2065  1
2066  2
2067  2
2068  0
2069  2
2070  0
2071  1
2072  1
2073  1
2074  1
2075  1
2076  1
2077  3
2078  0
2079  2
2080  0
2081  0
2082  2
2083  1
2084  0
2085  1
2086  0
2087  1
2088  1
2089  0
2090  1
2091  2
2092  3
2093  2
2094  2
2095  0
2096  0
2097  4
2098  1
2099  1
2100  2
2101  0
2102  0
2103  0
2104  0
2105  1
2106  0
2107  1
2108  0
2109  1
2110  1
2111  1
2112  1
2113  1
2114  1
2115  0
2116  0
2117  1
2118  0
2119  1
2120  0
2121  2
2122  0
2123  0
2124  1
2125  0
2126  1
2127  0
2128  0
2129  1
2130  1
2131  3
2132  1
2133  3
2134  2
2135  2
2136  3
2137  2
2138  0
2139  1
2140  2
2141  0
2142  0
2143  0
2144  3
2145  0
2146  1
2147  1
2148  0
2149  0
2150  1
2151  1
2152  2
2153  2
2154  1
2155  0
2156  1
2157  0
2158  0
2159  0
2160  1
2161  0
2162  1
2163  0
2164  4
2165  2
2166  1
2167  0
2168  0
2169  0
2170  1
2171  0
2172  2
2173  0
2174  0
2175  3
2176  0
2177  1
2178  0
2179  0
2180  0
2181  2
2182  0
2183  1
2184  1
2185  1
2186  1
2187  1
2188  0
2189  2
2190  0
2191  1
2192  0
2193  2
2194  0
2195  1
2196  1
2197  0
2198  2
2199  1
2200  3
2201  1
2202  1
2203  0
2204  1
2205  0
2206  1
2207  1
2208  0
2209  2
2210  0
2211  0
2212  0
2213  1
2214  1
2215  1
2216  0
2217  0
2218  1
2219  0
2220  1
2221  2
2222  0
2223  1
2224  1
2225  2
2226  1
2227  0
2228  1
2229  2
2230  0
2231  0
2232  2
2233  0
2234  0
2235  2
2236  0
2237  0
2238  0
2239  0
2240  1
2241  0
2242  0
2243  3
2244  1
2245  1
2246  0
2247  0
2248  0
2249  1
2250  0
2251  1
2252  1
2253  0
2254  1
2255  0
2256  2
2257  1
2258  0
2259  0
2260  1
2261  0
2262  1
2263  0
2264  4
2265  0
2266  1
2267  1
2268  0
2269  1
2270  2
2271  0
2272  0
2273  2
2274  2
2275  0
2276  1
2277  1
2278  0
2279  1
2280  1
2281  0
2282  0
2283  2
2284  0
2285  0
2286  0
2287  0
2288  2
2289  2
2290  1
2291  2
2292  1
2293  0
2294  2
2295  1
2296  2
2297  3
2298  2
2299  0
2300  0
2301  0
2302  2
2303  2
2304  2
2305  3
2306  2
2307  1
2308  2
2309  1
2310  2
2311  3
2312  1
2313  0
2314  0
2315  0
2316  0
2317  2
2318  0
2319  1
2320  0
2321  0
2322  2
2323  2
2324  1
2325  0
2326  3
2327  0
2328  0
2329  1
2330  2
2331  2
2332  1
2333  1
2334  2
2335  0
2336  0
2337  1
2338  0
2339  1
2340  0
2341  0
2342  3
2343  1
2344  0
2345  1
2346  1
2347  2
2348  1
2349  0
2350  6
2351  1
2352  0
2353  1
2354  2
2355  1
2356  3
2357  1
2358  0
2359  1
2360  2
2361  2
2362  1
2363  2
2364  2
2365  1
2366  3
2367  0
2368  3
2369  1
2370  0
2371  1
2372  1
2373  0
2374  0
2375  1
2376  2
2377  1
2378  0
2379  2
2380  0
2381  1
2382  1
2383  3
2384  1
2385  0
2386  0
2387  1
2388  3
2389  0
2390  0
2391  0
2392  0
2393  0
2394  3
2395  0
2396  0
2397  0
2398  1
2399  0
2400  1
2401  2
2402  2
2403  2
2404  0
2405  2
2406  1
2407  1
2408  0
2409  1
2410  0
2411  1
2412  0
2413  0
2414  0
2415  0
2416  0
2417  0
2418  1
2419  0
2420  0
2421  2
2422  2
2423  2
2424  0
2425  1
2426  2
2427  2
2428  1
2429  0
2430  1
2431  1
2432  0
2433  1
2434  1
2435  1
2436  1
2437  0
2438  1
2439  0
2440  1
2441  3
2442  1
2443  0
2444  1
2445  1
2446  2
2447  1
2448  1
2449  2
2450  0
2451  3
2452  0
2453  1
2454  1
2455  0
2456  0
2457  0
2458  1
2459  1
2460  0
2461  0
2462  0
2463  2
2464  2
2465  0
2466  2
2467  1
2468  0
2469  2
2470  2
2471  2
2472  2
2473  4
2474  2
2475  0
2476  2
2477  0
2478  0
2479  1
2480  1
2481  2
2482  0
2483  2
2484  1
2485  0
2486  1
2487  1
2488  4
2489  0
2490  2
2491  0
2492  0
2493  1
2494  1
2495  1
2496  1
2497  2
2498  1
2499  0
2500  0
2501  0
2502  2
2503  1
2504  2
2505  1
2506  0
2507  1
2508  0
2509  3
2510  0
2511  0
2512  1
2513  2
2514  0
2515  0
2516  0
2517  1
2518  0
2519  0
2520  1
2521  0
2522  0
2523  0
2524  1
2525  1
2526  1
2527  1
2528  2
2529  1
2530  0
2531  0
2532  3
2533  0
2534  1
2535  1
2536  1
2537  0
2538  1
2539  2
2540  1
2541  0
2542  1
2543  1
2544  1
2545  3
2546  2
2547  0
2548  1
2549  0
2550  1
2551  1
2552  2
2553  2
2554  1
2555  1
2556  2
2557  1
2558  0
2559  0
2560  0
2561  0
2562  0
2563  1
2564  2
2565  1
2566  0
2567  3
2568  2
2569  1
2570  2
2571  0
2572  3
2573  1
2574  0
2575  3
2576  1
2577  1
2578  1
2579  0
2580  0
2581  0
2582  0
2583  1
2584  1
2585  0
2586  1
2587  0
2588  1
2589  1
2590  0
2591  0
2592  1
2593  1
2594  0
2595  1
2596  1
2597  1
2598  0
2599  0
2600  2
2601  1
2602  1
2603  1
2604  0
2605  0
2606  2
2607  1
2608  1
2609  1
2610  0
2611  1
2612  0
2613  1
2614  1
2615  0
2616  1
2617  0
2618  2
2619  0
2620  0
2621  1
2622  2
2623  1
2624  1
2625  0
2626  1
2627  0
2628  2
2629  0
2630  1
2631  0
2632  0
2633  1
2634  0
2635  0
2636  0
2637  1
2638  0
2639  3
2640  1
2641  0
2642  0
2643  0
2644  0
2645  2
2646  1
2647  3
2648  1
2649  0
2650  1
2651  2
2652  0
2653  0
2654  0
2655  1
2656  0
2657  1
2658  0
2659  1
2660  1
2661  2
2662  1
2663  2
2664  0
2665  0
2666  1
2667  1
2668  1
2669  0
2670  0
2671  1
2672  0
2673  0
2674  0
2675  1
2676  0
2677  0
2678  0
2679  1
2680  0
2681  1
2682  1
2683  2
2684  0
2685  3
2686  1
2687  2
2688  0
2689  1
2690  0
2691  1
2692  0
2693  3
2694  1
2695  0
2696  0
2697  1
2698  0
2699  1
2700  0
2701  3
2702  3
2703  3
2704  0
2705  1
2706  1
2707  1
2708  1
2709  2
2710  0
2711  0
2712  0
2713  1
2714  1
2715  1
2716  0
2717  1
2718  0
2719  2
2720  0
2721  1
2722  0
2723  1
2724  1
2725  3
2726  0
2727  0
2728  0
2729  2
2730  1
2731  1
2732  2
2733  2
2734  3
2735  3
2736  2
2737  0
2738  1
2739  0
2740  0
2741  0
2742  0
2743  2
2744  0
2745  1
2746  0
2747  0
2748  1
2749  3
2750  1
2751  0
2752  2
2753  1
2754  1
2755  1
2756  0
2757  1
2758  0
2759  0
2760  0
2761  1
2762  0
2763  1
2764  1
2765  1
2766  1
2767  4
2768  1
2769  2
2770  0
2771  2
2772  0
2773  2
2774  0
2775  2
2776  0
2777  1
2778  2
2779  2
2780  1
2781  1
2782  1
2783  1
2784  1
2785  0
2786  2
2787  0
2788  4
2789  0
2790  0
2791  2
2792  1
2793  1
2794  3
2795  0
2796  0
2797  1
2798  3
2799  0
2800  0
2801  2
2802  0
2803  0
2804  0
2805  2
2806  0
2807  2
2808  1
2809  1
2810  0
2811  1
2812  1
2813  1
2814  1
2815  0
2816  0
2817  0
2818  1
2819  0
2820  2
2821  1
2822  1
2823  1
2824  2
2825  1
2826  1
2827  0
2828  3
2829  0
2830  2
2831  1
2832  0
2833  1
2834  2
2835  1
2836  0
2837  0
2838  1
2839  1
2840  0
2841  0
2842  0
2843  0
2844  3
2845  2
2846  1
2847  1
2848  0
2849  1
2850  0
2851  0
2852  1
2853  1
2854  1
2855  1
2856  0
2857  0
2858  1
2859  0
2860  1
2861  1
2862  0
2863  0
2864  1
2865  0
2866  1
2867  2
2868  1
2869  1
2870  2
2871  0
2872  0
2873  1
2874  2
2875  1
2876  0
2877  0
2878  1
2879  1
2880  1
2881  2
2882  0
2883  1
2884  1
2885  0
2886  4
2887  1
2888  2
2889  0
2890  0
2891  0
2892  0
2893  0
2894  0
2895  1
2896  0
2897  1
2898  1
2899  1
2900  0
2901  0
2902  1
2903  2
2904  0
2905  1
2906  0
2907  1
2908  1
2909  0
2910  2
2911  3
2912  0
2913  1
2914  2
2915  1
2916  1
2917  0
2918  0
2919  2
2920  1
2921  2
2922  1
2923  3
2924  0
2925  0
2926  1
2927  2
2928  0
2929  2
2930  1
2931  2
2932  0
2933  1
2934  0
2935  1
2936  1
2937  0
2938  2
2939  2
2940  3
2941  0
2942  0
2943  2
2944  1
2945  2
2946  1
2947  0
2948  0
2949  0
2950  3
2951  0
2952  1
2953  2
2954  2
2955  0
2956  0
2957  0
2958  2
2959  0
2960  1
2961  0
2962  2
2963  1
2964  0
2965  0
2966  0
2967  1
2968  0
2969  0
2970  1
2971  1
2972  1
2973  1
2974  1
2975  0
2976  1
2977  1
2978  0
2979  0
2980  3
2981  3
2982  1
2983  1
2984  1
2985  0
2986  1
2987  1
2988  1
2989  0
2990  1
2991  0
2992  2
2993  1
2994  1
2995  2
2996  0
2997  1
2998  0
2999  1
3000  1
